1
300 300 211
15121 2132 10208 25585 3477 11600 5525 28181 14749 32029 4290 2582 21822 4750 29115 29833 6667 13043 21088 25183 8577 10477 19870 21083 16547 16769 22585 4810 18145 8044 5832 20334 9278 22710 21761 15291 15026 4746 566 11590 24269 3909 22304 14970 19358 25293 2268 12684 3539 16676 11571 31666 10785 6973 13342 16528 743 32270 6793 24051 16654 26598 14936 1986 17459 2049 23464 9266 24072 7258 27479 14392 23799 25024 31430 30788 10761 18988 27869 20780 32263 27986 29776 32102 29151 26486 18209 31355 28232 6785 11111 29368 16041 1364 16717 28455 19255 9564 11869 26046 15966 5734 3583 30677 6499 25781 19260 29918 31815 17746 18376 30032 9454 10404 29760 8676 27009 23360 15792 31492 12816 10498 29784 13440 13692 13917 4016 31108 32148 1007 29609 11463 30334 20569 6966 30980 3417 19533 19467 17838 8736 21737 14244 25568 20689 10307 11658 1939 21967 18501 17106 24851 4485 32699 4838 27316 28493 15786 32136 16064 13200 15075 1555 2485 29998 7641 14340 27821 17952 4272 13498 25630 20316 32150 20090 1731 25592 25942 21686 12506 20371 1066 30095 28560 25585 14545 22680 16570 2533 25058 22237 31429 22900 9568 29732 28912 32055 22158 32114 10168 25857 28165 28881 11668 3010 18435 4689 27619 21675 7430 21069 1059 17299 26778 26863 3427 5274 12911 19190 17915 30476 28078 23479 3450 28552 25229 98 15072 9569 22050 30855 8974 8004 25716 8153 25466 13083 16600 32049 17703 11570 20603 17110 19413 29336 21307 9211 17781 8905 3771 9097 28127 31881 12214 16415 31431 2579 21907 8535 9197 22643 31802 10828 31637 15921 14375 5465 11063 29999 30908 32035 26743 3028 17628 30425 13911 29034 9653 8634 18092 8645 13277 20440 4047 13350 31393 11292 27284 20831 9626 395 19584 21815 11393 1991 29238 7951 28995 22745 3635
I 242 1112
D 222
C 134 29406
C 88 17841
I 189 14552
D 16
C 286 9496
I 164 434
D 190
D 90
I 195 27610
I 186 9697
D 27
D 83
D 139
D 243
C 143 7383
D 151
I 221 24011
D 129
I 152 9551
D 180
D 8
C 120 24069
C 206 2141
I 118 9628
D 291
C 84 22298
I 133 2173
C 245 29254
I 186 7807
C 18 1864
D 23
C 284 21227
C 53 6901
C 168 7718
C 211 5297
I 44 17462
D 165
I 9 2221
I 157 11352
C 37 26601
D 117
C 86 9350
D 144
I 9 7708
I 291 13183
D 253
C 208 4793
D 61
D 73
C 193 10668
C 253 18897
D 235
C 218 18180
D 282
C 280 3022
I 141 8138
I 117 28291
D 38
D 90
C 278 32443
I 280 21013
I 174 28085
D 274
I 0 18647
C 16 17893
D 27
D 145
D 199
I 231 17560
C 67 119
D 81
I 285 25350
C 262 3394
C 206 1667
D 202
I 280 25648
I 5 31846
D 27
D 64
D 72
I 157 10851
D 238
I 155 20377
I 139 23043
C 289 3279
D 260
D 245
I 184 9864
D 82
D 122
C 126 10648
C 150 26821
I 44 15521
D 230
C 40 32044
C 9 30694
D 245
I 173 26579
D 280
C 157 22713
D 158
D 161
D 43
C 64 505
I 45 7636
I 48 30453
C 1 8259
D 105
D 40
D 50
C 219 3626
D 257
D 0
C 122 18076
I 90 16828
I 26 1256
I 35 26612
I 14 21336
I 200 6582
I 223 24445
I 79 29388
C 75 24895
D 281
D 84
C 255 8878
C 95 23308
C 256 32698
D 1
D 247
D 155
D 227
C 202 22772
I 134 13159
I 182 23416
D 121
I 58 2635
I 41 12
C 88 19633
I 204 30651
D 187
D 274
C 239 13752
D 13
D 260
D 91
C 53 12789
I 200 27924
D 173
C 47 7161
D 157
C 255 5476
D 266
C 129 29885
I 186 12355
I 83 19768
D 78
C 266 625
C 117 21427
I 201 32359
C 207 20810
D 194
C 183 360
C 188 9166
C 102 7656
I 269 14419
D 209
D 78
D 163
C 96 1083
D 278
I 197 26711
C 262 12711
D 14
D 30
D 250
I 190 2816
I 36 10752
D 40
C 88 29663
C 210 21251
I 56 19514
I 125 3251
C 94 27845
C 247 14061
I 271 2074
D 256
I 77 26222
C 33 26497
I 272 19404
C 124 32493
I 46 32603
D 46
C 154 19876
C 216 21127
C 34 7963
D 34
D 88
D 165
C 207 28125
I 195 21708
D 194
D 152
C 141 18571
I 162 12903
I 159 15574
I 45 11333
C 134 4097
C 221 2886
I 79 870
I 260 13509
D 104
C 3 20945
D 265
I 64 19370
I 267 7527
D 35
C 49 4630
D 212
I 13 11363
C 267 30635
D 1
I 102 18451
D 241
D 258
D 58
I 143 23497
C 109 5219
D 125
D 53
I 121 30935
I 257 15400
D 91
C 236 27709
D 128
D 209
I 41 13279
I 253 32561
I 178 19654
D 217
C 230 22831
D 191
C 258 8690
D 76
C 13 13628
I 237 6121
C 146 23041
D 203
D 127
D 159
I 275 9496
I 217 32121
I 124 23994
C 177 26891
D 102
C 176 2972
C 207 7484
D 63
D 83
C 9 23105
I 187 7807
I 26 16419
I 183 3471
C 194 31150
I 89 11252
C 120 1791
C 248 30229
I 178 20333
D 209
I 208 4617
C 229 8417
D 56
I 116 1036
D 76
D 152
C 214 27829
C 220 32295
D 27
C 91 15207
D 223
I 129 11569
D 255
C 262 14055
D 243
I 109 7781
I 74 9701
D 25
I 67 7577
D 226
C 250 28834
I 108 31419
C 59 30349
D 10
D 118
I 20 13408
D 161
D 200
D 163
C 187 10083